100143189842487
100441882140082
100745022768756
101787222926808
104129958962365
106676655664589
111878135159537
112504061318375
151769044693608
373169279205960
384823811372975
409975925540837
451702364693515
460311490503171
503069699564883
540603135808735
561550490382404
565006220038160
593450633843471
599629833230382
600634569801986
609667195574212
611430222043034
626663283862239
673379782526364
674166542440211
678220548710017
686064597921539
691414824059549
694329393767635
701319659731868
736998102822483
777888268731935
793983330455470
841749595677899
846884451832668
